Ninputpackets_10.239.51.1,Noutputpackets_10.239.51.1,inputbytes_10.239.51.1,outputbytes_10.239.51.1,inputuniqueIPs_10.239.51.1,outputuniqueIPs_10.239.51.1,Time
16614,15349,8123079,8056482,84,84,Monday June 28 2021 05:53:10
14065,12914,6876624,6854799,94,94,Monday June 28 2021 05:56:10
12644,11575,6196900,6198728,90,90,Monday June 28 2021 05:59:10
11726,10620,5718233,5735623,88,89,Monday June 28 2021 06:02:10
11601,10408,5639655,5652087,93,93,Monday June 28 2021 06:05:10
11086,10770,5439718,5434916,88,93,Monday June 28 2021 06:08:10
10928,11032,5299724,5346404,91,95,Monday June 28 2021 06:11:10
11091,11504,5417885,5408840,92,96,Monday June 28 2021 06:14:10
10662,11271,5193693,5214800,94,95,Monday June 28 2021 06:17:10
10647,11277,5170273,5209200,87,96,Monday June 28 2021 06:20:10
10285,10971,5013840,5026975,93,96,Monday June 28 2021 06:23:10
10248,10980,4958858,5012328,90,96,Monday June 28 2021 06:26:10
9822,10666,4771006,4823327,93,96,Monday June 28 2021 06:29:10
9526,10331,4600635,4673979,89,95,Monday June 28 2021 06:32:10
9783,10675,4781926,4728701,92,96,Monday June 28 2021 06:35:10
9733,10583,4721624,4730165,92,95,Monday June 28 2021 06:38:10
9651,10513,4696831,4697134,88,96,Monday June 28 2021 06:41:10
9679,10469,4692912,4696269,88,96,Monday June 28 2021 06:44:10
9468,10286,4577737,4589606,85,95,Monday June 28 2021 06:47:10
9288,10212,4537942,4486514,89,96,Monday June 28 2021 06:50:10
9743,10736,4712604,4767424,86,96,Monday June 28 2021 06:53:10
9606,10606,4696593,4669947,88,96,Monday June 28 2021 06:56:10
9119,10489,4420627,4600379,90,96,Monday June 28 2021 06:59:10
9274,10851,4496816,4711910,92,96,Monday June 28 2021 07:02:10
9301,11057,4531124,4817389,90,96,Monday June 28 2021 07:05:10
9216,11087,4491990,4895820,91,96,Monday June 28 2021 07:08:10
8865,10971,4351121,4758552,91,96,Monday June 28 2021 07:11:10
8953,11094,4386944,4895452,91,96,Monday June 28 2021 07:14:10
8960,11028,4405297,4941910,90,96,Monday June 28 2021 07:17:10
8924,10792,4392870,4983463,91,96,Monday June 28 2021 07:20:10
8495,10567,4179687,4962216,90,96,Monday June 28 2021 07:23:10
8740,10660,4274423,5031599,92,96,Monday June 28 2021 07:26:10
8779,10802,4349166,5218915,89,96,Monday June 28 2021 07:29:10
8412,10411,4155834,5043912,89,96,Monday June 28 2021 07:32:10
8787,10858,4342042,5282892,88,96,Monday June 28 2021 07:35:10
8228,10305,4115504,5290357,92,96,Monday June 28 2021 07:38:10
8113,10342,4071375,5291370,90,96,Monday June 28 2021 07:41:10
7654,10014,3875930,5435861,89,96,Monday June 28 2021 07:44:10
3549,6066,1691314,3225345,95,96,Monday June 28 2021 07:47:10
0,697,0,393534,0,80,Monday June 28 2021 07:50:10
